0
0
0
0.00751002
0.008396458
0.009197859
0.01986965
0.01062077
0.01126503
0.03562315
0.01245396
0.02601547
0.06769441
0.08429977
0.01454309
0.09012024
0.07741152
0.0796558
0.08183855
0.1343433
0.08603809
0.1056754
0.1080504
0.1103743
0.1502004
0.1723218
0.1170696
0.09934823
0.1213281
0.1645363
0.1045351
0.06372464
0.1509962
0.2189528
0.1332896
0.2253006
0.1598858
0.1851795
0.1876002
0.2374877
0.1923504
0.2190172
0.2462325
0.4234346
0.3778406
0.3056126
0.2059444
0.3121857
0.1839955
0.398279
0.4290582
0.3790887
0.3827164
0.2759358
0.3341748
0.5057986
0.5386444
0.5147515
0.3749561
0.2617757
0.6158789
0.3548038
0.447067
0.360481
0.4541079
0.4880936
0.6454577
0.5883275
0.5926377
0.5026667
0.6011653
0.8602826
0.4491595
0.6783382
0.6503868
0.621973
0.6260515
0.8954105
0.767631
0.6717166
0.8110822
0.8840797
0.5815661
0.6883047
0.7616286
0.8357408
0.8756101
0.7749526
0.6730692
0.6055936
1.038795
0.8283862
0.8328762
1.419841
0.7319862
1.103743
1.220425
1.003663
0.5977901
0.8261022
0.9056972
1.099789
0.9146206
1.033931
0.8080255
1.005165
1.08758
0.6633946
1.254511
0.7876576
1.265968
0.9934823
1.197489
1.162684
1.288576
1.455937
0.9747995
1.509225
1.474644
1.11062
1.280458
1.617542
1.374288
1.505305
1.217486
1.475246
1.354138
1.401942
1.279462
1.412852
1.117429
1.466821
1.299147
1.347489
1.745171
1.751623
1.626197
1.27923
1.505211
1.288467
1.382237
1.521368
1.526715
1.441924
1.853869
1.633391
1.86661
1.553177
2.337623
2.161497
