0
-0.006456978
-0.08533252
-0.07538057
-0.1732713
-0.1950991
-0.3872255
-0.3493268
-0.4597417
-0.5040585
-0.5032261
-0.3100203
-0.3601361
-0.6218707
-0.6932718
-0.5601767
-0.5963611
-0.5033598
-0.4578365
-0.6155604
-0.6529092
-0.722893
-0.9077881
-0.8892645
-0.8522309
-0.8159065
-0.8358158
-0.6546314
-0.6502921
-0.6278087
-0.4953289
-0.4928638
-0.258649
-0.1242498
-0.1156765
-0.1417847
-0.3024526
-0.3679421
-0.234556
-0.2661334
-0.3585885
-0.3599811
-0.3839202
-0.3178786
-0.2762021
-0.2418478
-0.174947
-0.1906699
-0.2415591
-0.234537
-0.3375575
-0.2972177
-0.3276829
-0.1990424
-0.1934722
-0.1530586
-0.06515046
-0.1187805
-0.1492292
-0.3342608
-0.3668741
-0.3232155
-0.4358296
-0.3178775
-0.2420184
-0.2013951
-0.2484565
-0.2500143
-0.4678249
-0.3047851
-0.2953978
-0.3930825
-0.5032889
-0.497967
-0.6043706
-0.5777111
-0.633267
-0.8270764
-0.9279303
-0.8380231
-0.7831035
-0.6906156
-0.8028665
-0.8512731
-0.7512273
-0.6771436
-0.5960088
-0.7794901
-0.7768712
-0.7473349
-0.926684
-1.143027
-1.259896
-1.150045
-1.226765
-1.303742
-1.308688
-1.314093
-1.280297
-1.24456
-1.240338
-1.245535
-1.251712
-1.226632
-1.251502
-1.39685
-1.493308
-1.318587
-1.199485
-1.284809
-1.432598
-1.371408
-1.343257
-1.459374
-1.414165
-1.306908
-1.416649
-1.348822
-1.271107
-1.340584
-1.447831
-1.443832
-1.581002
-1.545589
-1.402182
-1.276094
-1.265339
-1.348451
-1.416234
-1.61142
-1.681281
-1.710309
-1.610492
-1.616132
-1.61239
-1.685973
-1.648358
-1.691581
-1.671285
-1.667096
-1.773557
-1.755665
-1.778844
-1.78454
-1.739925
-1.913635
-1.942444
-1.860987
-1.987778
-2.047187
